Confusion matrix:
[[ 905.    1.    9.   14.    1.   17.   29.    1.    3.    0.]
 [   0. 1116.   10.    3.    0.    0.    3.    0.    3.    0.]
 [  26.   67.  822.   40.   12.    0.   11.   14.   35.    5.]
 [   1.   29.   41.  865.    0.    7.    1.   11.   36.   19.]
 [   1.   25.   18.    1.  701.    5.   22.   14.    1.  194.]
 [  19.   40.   14.  299.   38.  418.   16.    5.   17.   26.]
 [  26.   16.   75.    6.   25.   22.  787.    0.    0.    1.]
 [   4.   77.   38.    1.   17.    5.    2.  818.    2.   64.]
 [  23.   51.   31.  193.   25.   47.    8.   33.  546.   17.]
 [  17.   23.   16.   12.  263.   12.    3.  114.    6.  543.]]
Error rate: 25.0%
Time: 134
