Confusion matrix:
[[ 928.    1.    7.    4.    0.   24.   14.    1.    1.    0.]
 [   0. 1125.    4.    2.    0.    0.    4.    0.    0.    0.]
 [  24.   33.  890.   27.    9.    2.    5.   13.   28.    1.]
 [   5.   24.   54.  857.    1.   20.    0.   10.   30.    9.]
 [   1.   23.   79.    3.  614.    0.   18.    6.    0.  238.]
 [  25.   25.   61.  175.   15.  544.   14.    2.   20.   11.]
 [  30.    7.   48.    5.    4.   11.  852.    0.    1.    0.]
 [   1.   63.   55.    3.   46.    1.    0.  790.    3.   66.]
 [  22.   27.   53.  112.   25.   44.    6.   19.  660.    6.]
 [  11.   17.   48.   16.  203.    6.    1.   69.    4.  634.]]
Error rate: 21.0%
Time: 142
